0.644368 0.299081 
0.741630 0.652394 
0.329417 0.196661 
0.020478 0.410565 
0.741234 0.490188 
0.789666 0.445143 
0.738517 0.814783 
0.009278 0.778314 
0.045991 0.121677 
0.949278 0.729911 
0.816126 0.118198 
0.493912 0.127812 
0.622242 0.412976 
0.331645 0.864467 
0.414777 0.772301 
0.810541 0.454726 
0.471633 0.394238 
0.741050 0.752617 
0.873836 0.606525 
0.927702 0.482131 
0.537858 0.894498 
0.709799 0.738762 
0.336009 0.665334 
0.294046 0.117985 
0.335582 0.654988 
0.158544 0.627247 
0.688833 0.383892 
0.311045 0.036866 
0.204230 0.567614 
0.681448 0.827204 
0.130894 0.889004 
0.430586 0.387188 
0.186987 0.037904 
0.456191 0.621754 
0.363475 0.424665 
0.877499 0.623035 
0.534715 0.473586 
0.779351 0.562792 
0.406690 0.903012 
0.997497 0.461409 
0.834712 0.897641 
0.226264 0.990417 
0.041108 0.580004 
0.229560 0.964141 
0.764885 0.686728 
0.436567 0.677389 
0.874081 0.856349 
0.703818 0.744896 
0.472365 0.434492 
0.524003 0.598865 
0.031068 0.203101 
0.463973 0.301279 
0.577654 0.939665 
0.111728 0.826685 
0.472274 0.212592 
0.315165 0.471877 
0.803400 0.319529 
0.992523 0.549058 
0.933775 0.774132 
0.296548 0.018189 
0.228217 0.248115 
0.413709 0.215125 
0.494064 0.374767 
0.778893 0.331767 
0.165868 0.319529 
0.987732 0.804346 
0.765557 0.525132 
0.187292 0.266152 
0.668966 0.536149 
0.226814 0.221076 
0.710746 0.310221 
0.348888 0.093966 
0.657857 0.921964 
0.703543 0.814264 
0.083804 0.065157 
0.465377 0.589007 
0.674612 0.260842 
0.835749 0.021699 
0.497055 0.175909 
0.710776 0.233039 
0.261910 0.959929 
0.296762 0.139775 
0.112033 0.005219 
0.454024 0.548173 
0.967071 0.037629 
0.050569 0.217933 
0.956298 0.943205 
0.106723 0.553545 
0.970611 0.237312 
0.011994 0.078188 
0.864589 0.583239 
0.595660 0.347667 
0.340556 0.265145 
0.331797 0.459639 
0.045320 0.022797 
0.460616 0.815180 
0.911130 0.153691 
0.306864 0.288095 
0.271950 0.289132 
0.576861 0.459090 
0.786615 0.750145 
0.915311 0.070437 
0.699454 0.890042 
0.502945 0.357677 
0.470443 0.329386 
0.976745 0.414380 
0.305582 0.489731 
0.453291 0.246590 
0.618946 0.332591 
0.937346 0.672781 
0.957518 0.709586 
0.895871 0.725883 
0.420331 0.230293 
0.279977 0.713340 
0.102969 0.053835 
0.774834 0.591937 
0.598590 0.510727 
0.559526 0.812983 
0.086886 0.960601 
0.358135 0.294656 
0.042329 0.793115 
0.062807 0.677541 
0.092624 0.977294 
0.710379 0.519425 
0.058809 0.065920 
0.093936 0.586138 
0.708487 0.061678 
0.790216 0.894070 
0.252754 0.050203 
0.884365 0.660878 
0.119022 0.007660 
0.173101 0.820978 
0.030183 0.687826 
0.127995 0.261238 
0.921659 0.995911 
0.399121 0.434095 
0.727592 0.754723 
0.141575 0.503647 
0.567736 0.269723 
0.945311 0.681051 
0.365520 0.599231 
0.649556 0.906034 
0.429304 0.935820 
0.823573 0.529954 
0.027711 0.005341 
0.194403 0.157353 
0.490280 0.890042 
0.803308 0.301706 
0.864895 0.181097 
0.171758 0.012116 
0.662923 0.868313 
0.258889 0.126835 
0.723685 0.871670 
0.490616 0.309946 
0.729240 0.622211 
0.642659 0.527604 
0.400616 0.597736 
0.858303 0.119968 
0.907407 0.219855 
0.582110 0.125034 
0.520890 0.018799 
0.690878 0.010620 
0.043123 0.471755 
0.603046 0.470962 
0.042329 0.421491 
0.648122 0.443861 
0.426191 0.481368 
0.476821 0.004944 
0.384381 0.332682 
0.793756 0.294931 
0.231605 0.321116 
0.193304 0.136509 
0.181921 0.258003 
0.380596 0.496841 
0.586291 0.833125 
0.558306 0.452010 
0.664113 0.544908 
0.260720 0.809778 
0.260231 0.554796 
0.416395 0.046663 
0.658498 0.371105 
0.920560 0.715842 
0.983184 0.769890 
0.498459 0.981750 
0.219703 0.857784 
0.141087 0.438337 
0.385693 0.684103 
0.894406 0.866390 
0.883511 0.307810 
0.283090 0.086581 
0.565874 0.725944 
0.150792 0.564776 
0.545579 0.569262 
0.197119 0.925199 
0.280557 0.972411 
0.993591 0.028138 
0.965575 0.523392 
0.758843 0.768700 
0.761864 0.699942 
0.675558 0.251808 
0.895901 0.698111 
0.028962 0.501144 
0.158513 0.059969 
0.949309 0.357128 
0.835688 0.006195 
0.038697 0.720573 
0.602222 0.880032 
0.664541 0.798608 
0.409619 0.608722 
0.199622 0.508469 
0.899228 0.589099 
0.991089 0.695944 
0.372021 0.902982 
0.339030 0.324412 
0.846492 0.268807 
0.266213 0.290994 
0.235481 0.636189 
0.359966 0.025605 
0.173345 0.828944 
0.467605 0.529862 
0.525040 0.143468 
0.526536 0.011292 
0.107730 0.308329 
0.310709 0.769921 
0.656911 0.711356 
0.373852 0.492477 
0.567644 0.300638 
0.971679 0.611744 
0.442488 0.065767 
0.243355 0.886166 
0.977538 0.505112 
0.434736 0.856349 
0.217200 0.985717 
0.442946 0.335185 
0.709769 0.402326 
0.465194 0.587024 
0.594409 0.041108 
0.032014 0.352641 
0.150975 0.055025 
0.206732 0.376415 
0.844325 0.456496 
0.231819 0.591296 
0.393506 0.033998 
0.404309 0.618641 
0.898007 0.098941 
0.460433 0.738334 
0.551714 0.468612 
0.251686 0.986236 
0.976104 0.591662 
0.992981 0.534654 
0.703574 0.222724 
0.864223 0.012177 
0.842830 0.551958 
0.246834 0.919584 
0.456832 0.195624 
0.376293 0.797052 
0.684988 0.954802 
0.691733 0.300333 
0.140690 0.747490 
0.664266 0.840877 
0.615711 0.620930 
0.384930 0.946623 
0.622028 0.250404 
0.693869 0.000183 
0.803369 0.830256 
0.131352 0.509934 
0.746757 0.764122 
0.492996 0.570330 
0.225654 0.059969 
0.268807 0.668447 
0.406384 0.836726 
0.749321 0.492050 
0.048280 0.848079 
0.078036 0.896207 
0.229438 0.430525 
0.032991 0.683920 
0.629048 0.781365 
0.817957 0.357921 
0.897671 0.972808 
0.644307 0.499100 
0.146580 0.608966 
0.385754 0.928343 
0.087588 0.531541 
0.086154 0.307535 
0.854457 0.480514 
0.602161 0.336741 
0.036988 0.116276 
0.161992 0.202857 
0.959868 0.309397 
0.121464 0.436750 
0.736106 0.103916 
0.698325 0.834620 
0.127720 0.261116 
0.966735 0.600452 
0.744133 0.789361 
0.892331 0.365001 
0.609485 0.366527 
0.689962 0.238258 
0.630726 0.061403 
0.284585 0.551225 
0.997040 0.260048 
0.157262 0.443342 
0.042268 0.203528 
0.356761 0.952239 
0.601611 0.043153 
0.958983 0.761071 
0.393353 0.819666 
0.754204 0.260933 
0.457717 0.272408 
0.444807 0.083590 
0.183142 0.884915 
0.133488 0.761254 
0.952086 0.072878 
0.384045 0.669546 
0.936857 0.921354 
0.635426 0.910001 
0.077456 0.376415 
0.250740 0.288247 
0.772057 0.298898 
0.982330 0.044008 
0.311624 0.284921 
0.133732 0.489517 
0.590136 0.661000 
0.200812 0.212165 
0.121189 0.558611 
0.271920 0.998077 
0.892727 0.475478 
0.969634 0.132420 
0.090609 0.229255 
0.214393 0.233100 
0.223060 0.710227 
0.591998 0.273782 
0.676107 0.338633 
0.605548 0.952757 
0.232429 0.634053 
0.593554 0.063478 
0.584307 0.801569 
0.595294 0.023713 
0.371563 0.742454 
0.944762 0.218818 
0.776605 0.394391 
0.874172 0.315775 
0.207038 0.808435 
0.908780 0.204321 
0.097629 0.868191 
0.333567 0.721213 
0.362621 0.058138 
0.513962 0.813746 
0.529466 0.186956 
0.350780 0.299417 
0.085788 0.471908 
0.651662 0.877102 
0.070315 0.891171 
0.699301 0.546587 
0.439131 0.209723 
0.798700 0.092654 
0.238655 0.585650 
0.083773 0.789880 
0.116581 0.162267 
0.365184 0.984069 
0.201880 0.553270 
0.300394 0.707297 
0.885098 0.626545 
0.667165 0.982238 
0.530412 0.492965 
0.021882 0.972076 
0.650746 0.106693 
0.524064 0.632557 
0.576556 0.383038 
0.207709 0.022126 
0.150426 0.239875 
0.481674 0.926725 
0.478286 0.469558 
0.139256 0.954802 
0.268105 0.846889 
0.659505 0.759941 
0.788354 0.379589 
0.079989 0.546159 
0.976226 0.107974 
0.223701 0.512925 
0.728019 0.359386 
0.560503 0.395703 
0.902127 0.863887 
0.484481 0.758782 
0.066073 0.637806 
0.288797 0.195776 
0.519425 0.041108 
0.618885 0.095218 
0.622700 0.914548 
0.685446 0.126225 
0.964599 0.203253 
0.018494 0.101566 
0.398297 0.973327 
0.043641 0.373760 
0.478103 0.226386 
0.261971 0.420667 
0.327586 0.420301 
0.314493 0.776666 
0.470992 0.100070 
0.712821 0.966002 
0.658345 0.547349 
0.516984 0.594165 
0.216254 0.852992 
0.741874 0.253731 
0.955351 0.320200 
0.773339 0.401105 
0.165227 0.603778 
0.575243 0.859767 
0.729270 0.491897 
0.969054 0.107334 
0.889004 0.736900 
0.766625 0.001617 
0.690725 0.840968 
0.038026 0.102451 
0.644765 0.203284 
0.295236 0.245674 
0.628956 0.534684 
0.872982 0.525101 
0.567370 0.946196 
0.288369 0.339030 
0.915891 0.617481 
0.860164 0.657552 
0.485549 0.451949 
0.368969 0.166601 
0.634999 0.624104 
0.039888 0.445418 
0.363445 0.425825 
0.628468 0.833216 
0.335215 0.317911 
0.891568 0.141911 
0.367016 0.592669 
0.224219 0.870540 
0.409803 0.554247 
0.743767 0.077670 
0.555376 0.622761 
0.602374 0.569079 
0.100314 0.268563 
0.809503 0.555040 
0.197211 0.182653 
0.345347 0.435438 
0.125492 0.589892 
0.846400 0.867672 
0.712272 0.110843 
0.644642 0.774071 
0.935148 0.078921 
0.441664 0.445112 
0.237617 0.718680 
0.398419 0.394452 
0.589007 0.091525 
0.922544 0.122318 
0.819269 0.215949 
0.934111 0.443159 
0.260811 0.266793 
0.891140 0.534227 
0.228278 0.261879 
0.356090 0.360790 
0.367016 0.140446 
0.384808 0.635090 
0.402478 0.640828 
0.518540 0.964049 
0.320811 0.883084 
0.661306 0.343272 
0.512680 0.062960 
0.622761 0.652730 
0.911008 0.163488 
0.608753 0.310617 
0.654134 0.090243 
0.440046 0.741844 
0.305826 0.136906 
0.781030 0.817011 
0.162908 0.186987 
0.159307 0.918577 
0.682089 0.558306 
0.057741 0.789941 
0.557360 0.895901 
0.859767 0.824335 
0.478835 0.020600 
0.929563 0.949004 
0.104495 0.138524 
0.608448 0.761773 
0.276345 0.318155 
0.408155 0.075411 
0.011414 0.641407 
0.182989 0.526811 
0.300058 0.934782 
0.561510 0.406598 
0.241615 0.486557 
0.419324 0.365795 
0.549486 0.657125 
0.674093 0.155705 
0.956511 0.787408 
0.184149 0.057253 
0.552019 0.313059 
0.031861 0.156072 
0.581774 0.489547 
0.972869 0.119236 
0.741997 0.634877 
0.332652 0.630818 
0.498825 0.296426 
0.131901 0.141148 
0.464461 0.247505 
0.721091 0.087405 
0.361095 0.720359 
0.706626 0.240822 
0.604144 0.781915 
0.448866 0.337107 
0.035615 0.258003 
0.913907 0.646565 
0.839412 0.113224 
0.159917 0.639546 
0.169256 0.691427 
0.239753 0.404187 
0.521043 0.724265 
0.800562 0.972228 
0.380200 0.513596 
0.162023 0.209113 
0.176183 0.193579 
0.154546 0.425123 
0.074374 0.479476 
0.498062 0.363231 
0.637410 0.808863 
0.003418 0.720176 
0.886837 0.281594 
0.377300 0.857082 
0.796381 0.305124 
0.911557 0.855739 
0.748131 0.350841 
0.839015 0.576769 
0.982879 0.728172 
0.636219 0.876217 
0.575793 0.782373 
0.054842 0.636189 
0.968749 0.422651 
0.162908 0.766656 
0.590655 0.386242 
0.176672 0.833857 
0.596759 0.145451 
0.365398 0.472060 
0.258370 0.863277 
0.809015 0.234901 
0.034425 0.304056 
0.290933 0.042116 
0.855708 0.105808 
0.106815 0.878445 
0.653157 0.319651 
0.070406 0.900693 
0.661946 0.623524 
0.498154 0.609180 
0.531816 0.115574 
0.453444 0.240150 
0.775414 0.094180 
0.031800 0.034730 
0.585925 0.730430 
0.968596 0.541337 
0.554796 0.039399 
0.349895 0.607532 
0.321451 0.056520 
0.708518 0.217597 
0.685568 0.625446 
0.285623 0.831904 
0.213721 0.703116 
0.740104 0.384686 
0.871364 0.589068 
0.085910 0.596088 
0.711295 0.984558 
0.139653 0.755089 
0.150365 0.288125 
0.258950 0.629261 
0.864956 0.033753 
0.653066 0.657674 
0.836940 0.877651 
0.047060 0.083529 
0.581500 0.040345 
0.980865 0.182134 
0.087619 0.610248 
0.524125 0.241127 
0.502762 0.614124 
0.688467 0.448622 
0.092929 0.262215 
0.318339 0.346171 
0.509445 0.272988 
0.741386 0.002106 
0.893551 0.684164 
0.959990 0.561968 
0.850093 0.056612 
0.665212 0.332102 
0.821772 0.476852 
0.853908 0.052828 
0.894894 0.264565 
0.330912 0.517106 
0.567949 0.791864 
0.877194 0.191290 
0.514634 0.319468 
0.365001 0.994110 
0.871853 0.257485 
0.601978 0.889981 
0.084689 0.755516 
0.184576 0.453139 
0.839137 0.029572 
0.142918 0.058687 
0.113834 0.331523 
0.657582 0.856868 
0.882626 0.967162 
0.629994 0.186560 
0.498154 0.269417 
0.387829 0.585009 
0.288888 0.933226 
0.306040 0.048860 
0.399945 0.617359 
0.625416 0.704001 
0.409528 0.220649 
0.249519 0.539232 
0.751732 0.738090 
0.801569 0.361339 
0.477584 0.102939 
0.722098 0.626576 
0.384960 0.922208 
0.689016 0.305399 
0.049013 0.509934 
0.141240 0.437117 
0.784173 0.126469 
0.187017 0.529649 
0.069063 0.828547 
0.678152 0.461562 
0.465651 0.837062 
0.731681 0.042360 
0.563616 0.828730 
0.480026 0.886990 
0.981506 0.057802 
0.330851 0.761193 
0.955687 0.714103 
0.518021 0.053835 
0.548509 0.423566 
0.224586 0.532487 
0.006775 0.297800 
0.059755 0.038118 
0.301981 0.438490 
0.170110 0.276070 
0.383312 0.303262 
0.767113 0.358348 
0.174810 0.839198 
0.351939 0.254616 
0.848048 0.789911 
0.418653 0.807489 
0.401196 0.083102 
0.917234 0.468276 
0.076357 0.704093 
0.257515 0.410138 
0.645680 0.961913 
0.135685 0.174078 
0.097903 0.554674 
0.963958 0.504501 
0.756951 0.339518 
0.185003 0.530595 
0.362774 0.214057 
0.252907 0.949400 
0.146855 0.015564 
0.560747 0.367382 
0.432966 0.843745 
0.096957 0.456282 
0.794305 0.713675 
0.111667 0.079592 
0.298898 0.945219 
0.573687 0.046297 
0.874020 0.194647 
0.699881 0.647450 
0.320750 0.535661 
0.338328 0.632405 
0.010590 0.494827 
0.485855 0.780755 
0.794763 0.448897 
0.721763 0.726188 
0.157414 0.289315 
0.838801 0.188482 
0.144810 0.760979 
0.452712 0.270089 
0.100467 0.380383 
0.871548 0.973296 
0.738762 0.341014 
0.005768 0.594378 
0.587268 0.310526 
0.601001 0.151036 
0.329783 0.527116 
0.573901 0.499161 
0.080782 0.100955 
0.733085 0.295328 
0.122868 0.926939 
0.666005 0.461379 
0.138371 0.114811 
0.072970 0.307016 
0.466231 0.343547 
0.329844 0.966979 
0.415662 0.045381 
0.560289 0.308786 
0.167608 0.826380 
0.999390 0.967742 
0.295419 0.029481 
0.929136 0.664632 
0.435835 0.846706 
0.967681 0.463454 
0.141545 0.885708 
0.993316 0.124393 
0.447005 0.598621 
0.484390 0.208991 
0.177831 0.477615 
0.556597 0.093387 
0.536180 0.424818 
0.478622 0.546190 
0.992096 0.202124 
0.947722 0.026765 
0.013520 0.367321 
0.906308 0.360912 
0.664815 0.602832 
0.180578 0.949187 
0.605914 0.843257 
0.723075 0.165197 
0.523240 0.108066 
0.739464 0.099277 
0.523240 0.445631 
0.481857 0.304209 
0.520249 0.894559 
0.989074 0.699210 
0.149754 0.869228 
0.555528 0.288217 
0.238197 0.875240 
0.209845 0.849178 
0.360668 0.961180 
0.984588 0.249733 
0.517869 0.812922 
0.257973 0.546953 
0.463363 0.896939 
0.949705 0.525498 
0.712424 0.558397 
0.850642 0.832484 
0.763909 0.480941 
0.869533 0.363475 
0.566179 0.413739 
0.476119 0.057283 
0.758446 0.572527 
0.123325 0.754906 
0.718650 0.620624 
0.928983 0.279092 
0.949553 0.636494 
0.398511 0.391339 
0.833399 0.973540 
0.470168 0.781396 
0.287667 0.419080 
0.663411 0.746788 
0.351909 0.558153 
0.612293 0.717795 
0.237617 0.748741 
0.764885 0.284463 
0.872555 0.614551 
0.529710 0.881802 
0.469832 0.461715 
0.651021 0.789178 
0.154424 0.525437 
0.093570 0.601062 
0.176824 0.453078 
0.218665 0.824030 
0.746391 0.929655 
0.532212 0.757286 
0.014649 0.852382 
0.786340 0.312662 
0.240761 0.960173 
0.716086 0.930326 
0.669301 0.324412 
0.191565 0.246193 
0.152470 0.607532 
0.068026 0.668020 
0.047914 0.495071 
0.513810 0.515366 
0.422742 0.208106 
0.098453 0.880703 
0.095584 0.502029 
0.421888 0.867367 
0.548112 0.057466 
0.565447 0.360546 
0.236366 0.670675 
0.146855 0.988037 
0.334361 0.148412 
0.259835 0.426283 
0.439955 0.314676 
0.079562 0.708853 
0.275338 0.034516 
0.415571 0.692679 
0.912839 0.662069 
0.993225 0.338969 
0.556993 0.818323 
0.744682 0.964934 
0.414991 0.905637 
0.891201 0.122166 
0.686056 0.264473 
0.097476 0.258492 
0.201086 0.379070 
0.479629 0.819056 
0.744224 0.038240 
0.747795 0.943327 
0.586963 0.857540 
0.265023 0.413862 
0.266823 0.068697 
0.303049 0.013520 
0.140996 0.983490 
0.276986 0.946745 
0.746910 0.036897 
0.239448 0.481948 
0.500534 0.817469 
0.415906 0.470565 
0.764031 0.989380 
0.062136 0.899564 
0.813379 0.513962 
0.425428 0.133091 
0.738182 0.076144 
0.090304 0.000153 
0.803980 0.122044 
0.490371 0.383953 
0.308756 0.414319 
0.867428 0.469741 
0.465072 0.511277 
0.459151 0.306711 
0.338420 0.076083 
0.196356 0.841151 
0.373943 0.422346 
0.691580 0.075838 
0.541978 0.202124 
0.799524 0.513504 
0.633961 0.643025 
0.531449 0.538835 
0.740318 0.239937 
0.604022 0.896878 
0.440779 0.308786 
0.404279 0.923124 
0.739311 0.307047 
0.651906 0.681661 
0.273965 0.328745 
0.539872 0.668172 
0.833766 0.679250 
0.635121 0.233192 
0.713218 0.936338 
0.319987 0.382611 
0.936216 0.404004 
0.055940 0.111301 
0.879940 0.365032 
0.251015 0.926145 
0.330943 0.038636 
0.011841 0.714774 
0.503525 0.649373 
0.561724 0.616474 
0.052828 0.513688 
0.605914 0.050874 
0.612842 0.550401 
0.425703 0.561602 
0.891324 0.121036 
0.981842 0.630055 
0.852565 0.606739 
0.809229 0.116703 
0.019196 0.627430 
0.984008 0.485214 
0.424604 0.310221 
0.943815 0.466140 
0.246620 0.512528 
0.442946 0.316385 
0.654561 0.406720 
0.423841 0.330515 
0.900021 0.332316 
0.085238 0.760338 
0.183142 0.321940 
0.929380 0.798791 
0.325846 0.207373 
0.068667 0.784906 
0.782434 0.712119 
0.573595 0.285165 
0.019715 0.436140 
0.142552 0.208655 
0.797449 0.139897 
0.875637 0.611255 
0.380200 0.233131 
0.432722 0.345531 
0.212470 0.875088 
0.358074 0.212958 
0.087649 0.592334 
0.851802 0.774041 
0.342509 0.820399 
0.769860 0.472732 
0.108249 0.275430 
0.134251 0.232093 
0.149571 0.562304 
0.933653 0.176336 
0.322825 0.925108 
0.496658 0.636464 
0.184301 0.546709 
0.218604 0.095096 
0.780755 0.303232 
0.922819 0.227241 
0.152135 0.379864 
0.638142 0.692801 
0.578967 0.654317 
0.073794 0.837428 
0.104862 0.254036 
0.572436 0.957762 
0.365764 0.193609 
0.823328 0.287393 
0.257027 0.498337 
0.116153 0.359844 
0.469710 0.720542 
0.417676 0.904569 
0.427229 0.254524 
0.051119 0.932615 
0.653584 0.356883 
0.261086 0.167821 
0.104617 0.277749 
0.443922 0.480148 
0.493332 0.410077 
0.325724 0.477035 
0.140385 0.862331 
0.868587 0.909299 
0.381817 0.361553 
0.186865 0.047639 
0.063906 0.892575 
0.254250 0.686453 
0.157903 0.979949 
0.683187 0.930204 
0.024445 0.018494 
0.357830 0.419874 
0.360271 0.559343 
0.201727 0.154820 
0.357341 0.956725 
0.861629 0.566546 
0.106296 0.282754 
0.588275 0.000793 
0.775506 0.916074 
0.096042 0.264138 
0.596088 0.710166 
0.682241 0.391095 
0.185797 0.148534 
0.387188 0.288278 
0.241188 0.391980 
0.477035 0.411878 
0.130558 0.624989 
0.029542 0.134342 
0.418653 0.607166 
0.905179 0.957060 
0.853847 0.835902 
0.883694 0.224616 
0.849879 0.226661 
0.248390 0.497787 
0.992828 0.717215 
0.598804 0.240333 
0.604572 0.701651 
0.172857 0.977111 
0.894406 0.701071 
0.460524 0.578631 
0.729545 0.176641 
0.389264 0.829310 
0.556352 0.891629 
0.863430 0.934629 
0.502762 0.728111 
0.938017 0.124516 
0.193976 0.365764 
0.408765 0.008393 
0.312113 0.727439 
0.099338 0.838404 
0.431288 0.599017 
0.627155 0.337168 
0.159398 0.329325 
0.928648 0.246376 
0.117618 0.016175 
0.326090 0.252113 
0.789270 0.085177 
0.416272 0.443464 
0.768853 0.667257 
0.562822 0.960631 
0.442946 0.681234 
0.273171 0.988586 
0.633869 0.027985 
0.241798 0.753075 
0.237403 0.801874 
0.340587 0.674215 
0.386120 0.926023 
0.337504 0.335093 
0.169073 0.117954 
0.625477 0.420850 
0.439772 0.591296 
0.741935 0.284555 
0.742821 0.400067 
0.960662 0.296609 
0.891324 0.832057 
0.737358 0.633442 
0.225776 0.756828 
0.289773 0.661763 
0.085879 0.335551 
0.093997 0.575030 
0.526414 0.998108 
0.577776 0.438093 
0.808679 0.093936 
0.792657 0.295938 
0.698294 0.123356 
0.345714 0.503677 
0.101291 0.954863 
0.372326 0.933042 
